fileName imageWidth imageHeight 
camera matrix K [3x3]
radial distortion [3x1]
tangential distortion [2x1]
camera position t [3x1]
camera rotation R [3x3]
camera model m = K [R|-Rt] X

P1000723_1400496954965.JPG 4592 3448
3837.04710692373510028119 0 2287.77960528229596093297
0 3837.04710692373510028119 1742.83970496531173921539
0 0 1
-0.04930618424089858870 0.04239222797251372687 -0.02928533838596112174
0.00028446432839522286 -0.00085023797648524325
-3.24530494163468841151 43.73128138893714123014 107.58942578359484798511
0.42202639945448300329 0.90276857000630472694 0.08308205084286766906
0.89681101443266464379 -0.42914001063512080547 0.10755861501685209936
0.13275436925291811407 0.02911632327166539802 -0.99072121061547879783
P1000724_1400496954965.JPG 4592 3448
3837.04710692373510028119 0 2287.77960528229596093297
0 3837.04710692373510028119 1742.83970496531173921539
0 0 1
-0.04930618424089858870 0.04239222797251372687 -0.02928533838596112174
0.00028446432839522286 -0.00085023797648524325
-13.84216605629850782577 23.82778064908174187053 106.98056735249961946010
0.42678226198529961577 0.90434853555113869916 -0.00325992349942824449
0.89641975338656509908 -0.42255853865744424924 0.13370081206206296809
0.11953462508027119793 -0.05998339482053519078 -0.99101638016367965545
P1000725_1400496954965.JPG 4592 3448
3837.04710692373510028119 0 2287.77960528229596093297
0 3837.04710692373510028119 1742.83970496531173921539
0 0 1
-0.04930618424089858870 0.04239222797251372687 -0.02928533838596112174
0.00028446432839522286 -0.00085023797648524325
-24.65567063301686445698 3.84708291387344480938 108.02896944138356616349
0.38628844354307029230 0.91941176239320310248 0.07391379815769545669
0.91103355190981971656 -0.39283982283566248883 0.12527865296618981295
0.14421895048727104149 0.01894425420726887632 -0.98936444728567063400
P1000726_1400496954965.JPG 4592 3448
3837.04710692373510028119 0 2287.77960528229596093297
0 3837.04710692373510028119 1742.83970496531173921539
0 0 1
-0.04930618424089858870 0.04239222797251372687 -0.02928533838596112174
0.00028446432839522286 -0.00085023797648524325
-35.43489337849891995802 -16.43018012965334762043 107.85514752454277243032
0.40719000304952301938 0.91024932146085013596 0.07511640431085186975
0.90782972667727823701 -0.41238403032293108330 0.07605655064275668176
0.10020722916829793991 0.03722343770634028992 -0.99427004727475043477
P1000727_1400496954965.JPG 4592 3448
3837.04710692373510028119 0 2287.77960528229596093297
0 3837.04710692373510028119 1742.83970496531173921539
0 0 1
-0.04930618424089858870 0.04239222797251372687 -0.02928533838596112174
0.00028446432839522286 -0.00085023797648524325
-46.22801162138692632197 -36.96607449342749163179 107.61853973391960437311
0.38888388795844797130 0.91807613554305123049 0.07684745300046208483
0.91099550631580294979 -0.39563258634377762579 0.11645618959654779889
0.13731900508937219807 0.02471974856810416066 -0.99021837231592235717
P1000759_1400496954965.JPG 4592 3448
3837.04710692373510028119 0 2287.77960528229596093297
0 3837.04710692373510028119 1742.83970496531173921539
0 0 1
-0.04930618424089858870 0.04239222797251372687 -0.02928533838596112174
0.00028446432839522286 -0.00085023797648524325
44.80619498845744175242 35.36773974479656601488 107.67086779851349831461
0.36334151502688549762 0.93160595842804982958 0.00965824411176458356
0.92787106063518343113 -0.36277946239770286763 0.08629227368758733696
0.08389420894023209840 -0.02239196024890610648 -0.99622304822891150078
P1000760_1400496954965.JPG 4592 3448
3837.04710692373510028119 0 2287.77960528229596093297
0 3837.04710692373510028119 1742.83970496531173921539
0 0 1
-0.04930618424089858870 0.04239222797251372687 -0.02928533838596112174
0.00028446432839522286 -0.00085023797648524325
34.71806465438230304699 15.05396904925869350222 108.78309929426337987479
0.40374166684570406138 0.90997294703586928399 0.09456163130735180389
0.90115147376238702304 -0.41339049372456904141 0.13051559689950803511
0.15785654179833771837 0.03251976877242616915 -0.98692642929980223254
P1000761_1400496954965.JPG 4592 3448
3837.04710692373510028119 0 2287.77960528229596093297
0 3837.04710692373510028119 1742.83970496531173921539
0 0 1
-0.04930618424089858870 0.04239222797251372687 -0.02928533838596112174
0.00028446432839522286 -0.00085023797648524325
24.25716505670521527804 -5.50711477190438092322 108.53368620854732284897
0.39048684713889253439 0.91135871022866510316 0.13017420444109242816
0.90019452378457598396 -0.40760378423287696448 0.15332636572781230266
0.19279481725344108090 0.05731017683956705910 -0.97956403673819603117
P1000762_1400496954965.JPG 4592 3448
3837.04710692373510028119 0 2287.77960528229596093297
0 3837.04710692373510028119 1742.83970496531173921539
0 0 1
-0.04930618424089858870 0.04239222797251372687 -0.02928533838596112174
0.00028446432839522286 -0.00085023797648524325
15.44836071864743765047 -22.08237741087416239338 107.98524305565048564404
0.38829827695860857917 0.91888814454634470952 0.06977840585132079332
0.90984864426203304610 -0.39429400969095440566 0.12925818525869092745
0.14628702145274621871 0.01329705734384384330 -0.98915281712204528031
P1000763_1400496954965.JPG 4592 3448
3837.04710692373510028119 0 2287.77960528229596093297
0 3837.04710692373510028119 1742.83970496531173921539
0 0 1
-0.04930618424089858870 0.04239222797251372687 -0.02928533838596112174
0.00028446432839522286 -0.00085023797648524325
6.44994070862997403992 -38.72052354903080839676 108.27098739654584846903
0.44095052351062730134 0.89402189801110654166 0.07929364219357265542
0.88518611555053694495 -0.44778751858880039283 0.12622154741816607459
0.14835153067041581543 0.01453217370882093490 -0.98882791186082596990
P1000764_1400496954965.JPG 4592 3448
3837.04710692373510028119 0 2287.77960528229596093297
0 3837.04710692373510028119 1742.83970496531173921539
0 0 1
-0.04930618424089858870 0.04239222797251372687 -0.02928533838596112174
0.00028446432839522286 -0.00085023797648524325
-2.54004919200442058624 -55.39015415594393232368 108.38951161541280043821
0.41720518454286137366 0.90679000642703078139 0.06059470467476837929
0.90196927596498943647 -0.42130903746889114547 0.09460507471710644101
0.11131603301299307363 0.01518483424677161131 -0.99366904027606106631
P1000850_1400496954965.JPG 4592 3448
3837.04710692373510028119 0 2287.77960528229596093297
0 3837.04710692373510028119 1742.83970496531173921539
0 0 1
-0.04930618424089858870 0.04239222797251372687 -0.02928533838596112174
0.00028446432839522286 -0.00085023797648524325
31.39213896600718101126 -34.22612641079508222219 108.76060108363137146625
-0.34724157847862113790 -0.93635002509723308517 0.05169058595224421820
-0.93396520359573553804 0.35026880889517897355 0.07085732134034374019
-0.08445285458794003774 -0.02367260052388278982 -0.99614623591939788216
P1000851_1400496954965.JPG 4592 3448
3837.04710692373510028119 0 2287.77960528229596093297
0 3837.04710692373510028119 1742.83970496531173921539
0 0 1
-0.04930618424089858870 0.04239222797251372687 -0.02928533838596112174
0.00028446432839522286 -0.00085023797648524325
43.05098512135847244053 -15.75029816067916677014 108.07545527307475197176
-0.30542309760915198336 -0.95158650976055214610 0.03463879167293521660
-0.94996990791626911843 0.30699824312919604674 0.05752610511013399319
-0.06537511376958041187 -0.01533600851974230295 -0.99774290342868221515
P1000852_1400496954965.JPG 4592 3448
3837.04710692373510028119 0 2287.77960528229596093297
0 3837.04710692373510028119 1742.83970496531173921539
0 0 1
-0.04930618424089858870 0.04239222797251372687 -0.02928533838596112174
0.00028446432839522286 -0.00085023797648524325
53.81054947407682931271 2.73450993122391761148 109.15739203396617540420
-0.30242406816031625061 -0.95203343934820727767 0.04660486412583432492
-0.95061868820348527365 0.30483019730717991758 0.05833232764043053825
-0.06974089643565797858 -0.02666235496892283355 -0.99720876760679444395
P1000853_1400496954965.JPG 4592 3448
3837.04710692373510028119 0 2287.77960528229596093297
0 3837.04710692373510028119 1742.83970496531173921539
0 0 1
-0.04930618424089858870 0.04239222797251372687 -0.02928533838596112174
0.00028446432839522286 -0.00085023797648524325
63.77929108604634222957 21.54632894130132925170 109.22231512122060337333
-0.30039254188295805292 -0.94706188642182642656 0.11330535763249140191
-0.94827780856518950614 0.30931607093561647170 0.07136361848837562138
-0.10263293118632564604 -0.08600785747874520326 -0.99099401102530326746
P1000854_1400496954965.JPG 4592 3448
3837.04710692373510028119 0 2287.77960528229596093297
0 3837.04710692373510028119 1742.83970496531173921539
0 0 1
-0.04930618424089858870 0.04239222797251372687 -0.02928533838596112174
0.00028446432839522286 -0.00085023797648524325
73.33260800037318460909 41.04268216034922289737 108.15444853847611739184
-0.32467098878285571839 -0.94229705402671537495 0.08163951871083326151
-0.93531106313431122690 0.33269843142406380077 0.12043657628200785115
-0.14064837084490949826 -0.03725608273210164606 -0.98935838808701248581
P1000197_1400494888594.JPG 4592 3448
3837.04710692373510028119 0 2287.77960528229596093297
0 3837.04710692373510028119 1742.83970496531173921539
0 0 1
-0.04930618424089858870 0.04239222797251372687 -0.02928533838596112174
0.00028446432839522286 -0.00085023797648524325
-22.25832662937173367368 -0.13951590214303455362 78.88260716083796353360
-0.93941745630143602686 0.33832111150877614003 -0.05507874638738419204
0.33225275178427882139 0.93825507644508465699 0.09636140543185636731
0.08427901119444805578 0.07222352132438908390 -0.99382131756145764001
P1000198_1400494888594.JPG 4592 3448
3837.04710692373510028119 0 2287.77960528229596093297
0 3837.04710692373510028119 1742.83970496531173921539
0 0 1
-0.04930618424089858870 0.04239222797251372687 -0.02928533838596112174
0.00028446432839522286 -0.00085023797648524325
-10.00666688659314829124 -7.90928218153456707995 78.99660423457177671480
-0.93516260374264847943 0.35227291243359087902 -0.03707694333175110685
0.34840905738002753145 0.93365172155012876587 0.08309988918188439266
0.06389079195651704846 0.06479396586130845015 -0.99585124827512905288
P1000199_1400494888594.JPG 4592 3448
3837.04710692373510028119 0 2287.77960528229596093297
0 3837.04710692373510028119 1742.83970496531173921539
0 0 1
-0.04930618424089858870 0.04239222797251372687 -0.02928533838596112174
0.00028446432839522286 -0.00085023797648524325
2.34355077893932328692 -15.65688409648938339558 79.25823779898196619342
-0.93642887607971425634 0.34759461708146016656 -0.04773826787888739431
0.34302534909173532096 0.93559939191884011755 0.08359059589205924956
0.07371953556945715080 0.06190121175784449314 -0.99535605190219944571
P1000200_1400494888594.JPG 4592 3448
3837.04710692373510028119 0 2287.77960528229596093297
0 3837.04710692373510028119 1742.83970496531173921539
0 0 1
-0.04930618424089858870 0.04239222797251372687 -0.02928533838596112174
0.00028446432839522286 -0.00085023797648524325
14.55975830168395113162 -23.16936108967075469423 79.36671693870115973368
-0.93471129871503322306 0.35506095634882101075 -0.01570048824453030428
0.35245227553787356056 0.93171851520485404752 0.08762420837095741266
0.04574037081868555232 0.07636966479645394823 -0.99602986540376703406
P1000201_1400494888594.JPG 4592 3448
3837.04710692373510028119 0 2287.77960528229596093297
0 3837.04710692373510028119 1742.83970496531173921539
0 0 1
-0.04930618424089858870 0.04239222797251372687 -0.02928533838596112174
0.00028446432839522286 -0.00085023797648524325
26.92184456232312683710 -30.93089494243783832417 79.21668167153158890414
-0.93441823350010977389 0.35592873063266988742 -0.01331554027257804591
0.35060967858941810560 0.92575218661559588451 0.14161829774385736869
0.06273291147363779796 0.12766216231389471147 -0.98983178072406907688
P1000202_1400494888594.JPG 4592 3448
3837.04710692373510028119 0 2287.77960528229596093297
0 3837.04710692373510028119 1742.83970496531173921539
0 0 1
-0.04930618424089858870 0.04239222797251372687 -0.02928533838596112174
0.00028446432839522286 -0.00085023797648524325
38.97532904892768357286 -38.57941198514050284984 79.10880494082964276004
-0.93335365911683565443 0.35864160501666869640 -0.01507136902479151545
0.35259544943754439483 0.92387135800226960480 0.14878898782832811198
0.06728592757144466474 0.13355865009092493523 -0.98875411045251282438
P1000203_1400494888594.JPG 4592 3448
3837.04710692373510028119 0 2287.77960528229596093297
0 3837.04710692373510028119 1742.83970496531173921539
0 0 1
-0.04930618424089858870 0.04239222797251372687 -0.02928533838596112174
0.00028446432839522286 -0.00085023797648524325
51.31530076293883979588 -46.57239490373643064913 78.96325451241661141921
-0.93317632753773938070 0.35886306514542093415 -0.01998104595888860677
0.35545677424023769397 0.92969388216200643527 0.09653894093712668545
0.05322051643776665869 0.08298545622559812263 -0.99512863022080044750
P1000288_1400494888594.JPG 4592 3448
3837.04710692373510028119 0 2287.77960528229596093297
0 3837.04710692373510028119 1742.83970496531173921539
0 0 1
-0.04930618424089858870 0.04239222797251372687 -0.02928533838596112174
0.00028446432839522286 -0.00085023797648524325
-1.47837494600496488495 33.48538945373550035356 79.14341798522400495131
-0.94972858895504830290 0.31159514017204981151 -0.03039861744575772864
0.30830941698700575770 0.94773043705261061920 0.08217251414676550458
0.05441425106151422803 0.06866940588958375669 -0.99615440669415611374
P1000289_1400494888594.JPG 4592 3448
3837.04710692373510028119 0 2287.77960528229596093297
0 3837.04710692373510028119 1742.83970496531173921539
0 0 1
-0.04930618424089858870 0.04239222797251372687 -0.02928533838596112174
0.00028446432839522286 -0.00085023797648524325
10.72392461339607017123 25.56655601890352969008 79.00772042375676562642
-0.95467866570915560498 0.29762550309037938412 -0.00277581519284249680
0.29592248334327408976 0.95013341163510034448 0.09836861260887322378
0.03191440257526251961 0.09308898970793197392 -0.99514617564628182755
P1000290_1400494888594.JPG 4592 3448
3837.04710692373510028119 0 2287.77960528229596093297
0 3837.04710692373510028119 1742.83970496531173921539
0 0 1
-0.04930618424089858870 0.04239222797251372687 -0.02928533838596112174
0.00028446432839522286 -0.00085023797648524325
22.75977829907552418831 17.76563391480753395513 78.72079331418615311122
-0.94902316854717616579 0.31505517336416599683 -0.00976029185800019773
0.31310538408930033150 0.94581478801330087780 0.08601979556849943809
0.03633240998020611373 0.07857877901717486013 -0.99624561804466682524
P1000291_1400494888594.JPG 4592 3448
3837.04710692373510028119 0 2287.77960528229596093297
0 3837.04710692373510028119 1742.83970496531173921539
0 0 1
-0.04930618424089858870 0.04239222797251372687 -0.02928533838596112174
0.00028446432839522286 -0.00085023797648524325
35.09617596291336383274 10.03081205448158463867 79.02500521468520844337
-0.94830120583360566489 0.31645953012885269517 -0.02404555686931174330
0.31411755260235785236 0.94670189758217959675 0.07131395558658452927
0.04533195519315805222 0.06007397860077329232 -0.99716404414391091038
P1000292_1400494888594.JPG 4592 3448
3837.04710692373510028119 0 2287.77960528229596093297
0 3837.04710692373510028119 1742.83970496531173921539
0 0 1
-0.04930618424089858870 0.04239222797251372687 -0.02928533838596112174
0.00028446432839522286 -0.00085023797648524325
47.35720628128568421289 2.52372128996592381966 79.18726472592170750886
-0.94685397723107633805 0.32144450753524972386 -0.01187326311984902155
0.31928130175261199009 0.94368478501074970488 0.08670915113396496232
0.03907679813968769483 0.07830999370856854547 -0.99616291274696344704
P1000293_1400494888594.JPG 4592 3448
3837.04710692373510028119 0 2287.77960528229596093297
0 3837.04710692373510028119 1742.83970496531173921539
0 0 1
-0.04930618424089858870 0.04239222797251372687 -0.02928533838596112174
0.00028446432839522286 -0.00085023797648524325
59.83018581904468646826 -5.13460631023546820728 79.10649879867359857144
-0.94889419483661630039 0.31545658474532017879 0.00932470622530289298
0.31430544068244831157 0.94193855410439197851 0.11816873634400631987
0.02849380569144039504 0.11506043382738448400 -0.99294974676701164285
P1000526_1400494888594.JPG 4592 3448
3837.04710692373510028119 0 2287.77960528229596093297
0 3837.04710692373510028119 1742.83970496531173921539
0 0 1
-0.04930618424089858870 0.04239222797251372687 -0.02928533838596112174
0.00028446432839522286 -0.00085023797648524325
55.59842041226390563224 -26.17708655699539832540 79.34926378061139473630
0.85151658016953024610 -0.52339931645398785065 -0.03118764550084311346
-0.51954102627249998392 -0.85026799086238502579 0.08438877730220382956
-0.07068688503609146800 -0.05565518170252974073 -0.99594470982758520616
P1000527_1400494888594.JPG 4592 3448
3837.04710692373510028119 0 2287.77960528229596093297
0 3837.04710692373510028119 1742.83970496531173921539
0 0 1
-0.04930618424089858870 0.04239222797251372687 -0.02928533838596112174
0.00028446432839522286 -0.00085023797648524325
42.05266024441592520589 -17.33392596682357833515 80.25640805247921605314
0.85635769044486875767 -0.51626573874383319129 -0.01100876992286243042
-0.51346164833207197375 -0.85358383488780265047 0.08804415091500389368
-0.05485108666236243602 -0.06974470458405072903 -0.99605573863837626458
P1000528_1400494888594.JPG 4592 3448
3837.04710692373510028119 0 2287.77960528229596093297
0 3837.04710692373510028119 1742.83970496531173921539
0 0 1
-0.04930618424089858870 0.04239222797251372687 -0.02928533838596112174
0.00028446432839522286 -0.00085023797648524325
28.34212327120143726233 -8.76276263409114974934 80.67211194663779849634
0.83741386296914455123 -0.54483945758491203470 0.04345097888049846702
-0.54644824324312990527 -0.83290535050517267024 0.08753853183800053284
-0.01150389341014133870 -0.09704969118155019892 -0.99521305150102101766
P1000529_1400494888594.JPG 4592 3448
3837.04710692373510028119 0 2287.77960528229596093297
0 3837.04710692373510028119 1742.83970496531173921539
0 0 1
-0.04930618424089858870 0.04239222797251372687 -0.02928533838596112174
0.00028446432839522286 -0.00085023797648524325
14.38265439572094983589 -0.12953811643593443614 79.67933464573863489022
0.83640355083728412655 -0.54391511315050911080 0.06771594962231329562
-0.54800802322299990710 -0.82740450589515379676 0.12283725048867052965
-0.01078455516017138432 -0.13985039617700509296 -0.99011391266820003576
P1000530_1400494888594.JPG 4592 3448
3837.04710692373510028119 0 2287.77960528229596093297
0 3837.04710692373510028119 1742.83970496531173921539
0 0 1
-0.04930618424089858870 0.04239222797251372687 -0.02928533838596112174
0.00028446432839522286 -0.00085023797648524325
0.35323135136657918265 8.97299560981589294784 78.89680893217223456304
0.84330064986992903098 -0.53743891369468066443 -0.00185147931045585986
-0.53282266811304968002 -0.83649803984403392487 0.12794934029521268237
-0.07031371327021825046 -0.10691325167522836015 -0.99177897655797420118
P1000531_1400494888594.JPG 4592 3448
3837.04710692373510028119 0 2287.77960528229596093297
0 3837.04710692373510028119 1742.83970496531173921539
0 0 1
-0.04930618424089858870 0.04239222797251372687 -0.02928533838596112174
0.00028446432839522286 -0.00085023797648524325
-13.42865085019273152511 18.22799365976764818242 78.81191364747655825340
0.83802931542079162064 -0.54407071956574182270 -0.04115724245591676628
-0.53693193201855915486 -0.83573916346041010605 0.11508323525740370152
-0.09701013799689434114 -0.07434448715076026615 -0.99250286163623424596
