================================================================================
fileName imageWidth imageHeight 
camera matrix K [3x3]
radial distortion [3x1]
tangential distortion [2x1]
camera position t [3x1]
camera rotation R [3x3]
camera model m = K [R|-Rt] X
================================================================================



P1000759_1400496954965.JPG 4592 3448
3837.04710692373510028119 0 2287.77960528229596093297
0 3837.04710692373510028119 1742.83970496531173921539
0 0 1
-0.04930618424089858870 0.04239222797251372687 -0.02928533838596112174
0.00028446432839522286 -0.00085023797648524325
44.80619498845744175242 35.36773974479656601488 107.67086779851349831461
0.36334151502688549762 0.93160595842804982958 0.00965824411176458356
0.92787106063518343113 -0.36277946239770286763 0.08629227368758733696
0.08389420894023209840 -0.02239196024890610648 -0.99622304822891150078
------------------------------------------------------------
P1000760_1400496954965.JPG 4592 3448
3837.04710692373510028119 0 2287.77960528229596093297
0 3837.04710692373510028119 1742.83970496531173921539
0 0 1
-0.04930618424089858870 0.04239222797251372687 -0.02928533838596112174
0.00028446432839522286 -0.00085023797648524325
34.71806465438230304699 15.05396904925869350222 108.78309929426337987479
0.40374166684570406138 0.90997294703586928399 0.09456163130735180389
0.90115147376238702304 -0.41339049372456904141 0.13051559689950803511
0.15785654179833771837 0.03251976877242616915 -0.98692642929980223254
------------------------------------------------------------
P1000761_1400496954965.JPG 4592 3448
3837.04710692373510028119 0 2287.77960528229596093297
0 3837.04710692373510028119 1742.83970496531173921539
0 0 1
-0.04930618424089858870 0.04239222797251372687 -0.02928533838596112174
0.00028446432839522286 -0.00085023797648524325
24.25716505670521527804 -5.50711477190438092322 108.53368620854732284897
0.39048684713889253439 0.91135871022866510316 0.13017420444109242816
0.90019452378457598396 -0.40760378423287696448 0.15332636572781230266
0.19279481725344108090 0.05731017683956705910 -0.97956403673819603117
------------------------------------------------------------
P1000762_1400496954965.JPG 4592 3448
3837.04710692373510028119 0 2287.77960528229596093297
0 3837.04710692373510028119 1742.83970496531173921539
0 0 1
-0.04930618424089858870 0.04239222797251372687 -0.02928533838596112174
0.00028446432839522286 -0.00085023797648524325
15.44836071864743765047 -22.08237741087416239338 107.98524305565048564404
0.38829827695860857917 0.91888814454634470952 0.06977840585132079332
0.90984864426203304610 -0.39429400969095440566 0.12925818525869092745
0.14628702145274621871 0.01329705734384384330 -0.98915281712204528031
